707eb8b5cdd121831e64785497578019990c96f755bc39fac985c3535b0c3771 13 12 840 135
a14fe5dc4532b9706833e868e08ca9fde7b9c2aa52831eb56a624c2b8713538f 22 16 29991 812
58f061da72669d8c2404696b8b586ac75a531ea75472db5252ee3892490d6286 32 24 3826 1442
8bd10e8bdaf52f97fb2152c5bd4aa9dbe38cb4a911660a127a516f3d38cc99ca 3 3 1213 3
63a49c48af90a091d82ecbdcce6d40bb42bd0311ef8388783683b3b842ed5f2c 44 41 244372 206463
b08b99f365606f0057f2c9baae57959aef7e07e4a8e3a5c9e3c8e7baab3ef20d 348 192 1821619 570056
3f47136f4973db55c0ae335292eaaef4eac312199deb368eeb71f00e051578bd 49 34 639262 21290
707eb8b5cdd121831e64785497578019990c96f755bc39fac985c3535b0c3771 99 15 1216 581
a14fe5dc4532b9706833e868e08ca9fde7b9c2aa52831eb56a624c2b8713538f 22 16 29991 812
58f061da72669d8c2404696b8b586ac75a531ea75472db5252ee3892490d6286 32 24 3826 1442
8bd10e8bdaf52f97fb2152c5bd4aa9dbe38cb4a911660a127a516f3d38cc99ca 3 3 1213 3
63a49c48af90a091d82ecbdcce6d40bb42bd0311ef8388783683b3b842ed5f2c 44 41 244372 206463
b08b99f365606f0057f2c9baae57959aef7e07e4a8e3a5c9e3c8e7baab3ef20d 348 192 1821619 570056
3f47136f4973db55c0ae335292eaaef4eac312199deb368eeb71f00e051578bd 49 34 639262 21290
52da00aae482e9f39e8c6abfad54c15559109499a3b137a5c047079425f13594 30 30 187965 2990
